Package_ID,Length,Width,Height,Weight,Type,Delay_Cost
P-1,28,76,40,7,Priority,0
P-2,41,9,54,26,Priority,0
P-3,101,32,11,29,Priority,0
P-4,42,11,34,9,Priority,0
P-5,22,31,36,11,Priority,0
P-6,101,22,52,32,Priority,0
P-7,53,64,60,11,Priority,0
P-8,35,17,18,33,Priority,0
P-9,35,46,42,37,Priority,0
P-10,30,80,20,3,Priority,0
P-11,44,10,25,44,Priority,0
P-12,62,13,18,15,Priority,0
P-13,54,38,55,1,Priority,0
P-14,91,44,56,16,Priority,0
P-15,94,39,24,9,Priority,0
P-16,10,69,36,23,Priority,0
P-17,25,39,4,21,Priority,0
P-18,69,63,36,9,Priority,0
P-19,60,77,48,47,Priority,0
P-20,67,44,6,19,Priority,0
P-21,56,33,19,14,Priority,0
P-22,88,55,53,6,Priority,0
P-23,87,39,18,36,Priority,0
P-24,59,62,54,46,Priority,0
P-25,43,23,44,27,Priority,0
P-26,104,67,34,44,Priority,0
P-27,37,50,30,7,Priority,0
P-28,12,62,11,45,Priority,0
P-29,6,51,21,8,Priority,0
P-30,95,55,17,24,Priority,0
P-31,36,49,14,52,Priority,0
P-32,102,31,51,48,Priority,0
P-33,102,18,23,50,Priority,0
P-34,84,4,48,22,Priority,0
P-35,57,52,8,41,Priority,0
P-36,12,36,46,45,Priority,0
P-37,41,31,44,22,Priority,0
P-38,41,17,16,22,Priority,0
P-39,93,44,50,15,Priority,0
P-40,15,29,43,9,Priority,0
P-41,102,47,20,35,Priority,0
P-42,52,60,24,24,Priority,0
P-43,32,76,7,49,Priority,0
P-44,5,57,34,6,Priority,0
P-45,95,55,45,57,Priority,0
P-46,86,63,21,43,Priority,0
P-47,46,54,11,15,Priority,0
P-48,73,36,49,54,Priority,0
P-49,34,69,31,56,Priority,0
P-50,21,40,32,10,Priority,0
P-51,9,51,11,28,Priority,0
P-52,37,42,38,62,Priority,0
P-53,35,8,59,56,Priority,0
P-54,99,7,45,44,Priority,0
P-55,66,42,4,4,Priority,0
P-56,70,66,32,52,Priority,0
P-57,92,27,31,19,Priority,0
P-58,7,67,47,11,Priority,0
P-59,93,63,15,9,Priority,0
P-60,72,50,45,2,Priority,0
P-61,48,72,5,48,Priority,0
P-62,47,29,27,60,Priority,0
P-63,98,54,45,35,Priority,0
P-64,32,35,52,32,Priority,0
P-65,23,80,49,13,Priority,0
P-66,10,16,7,32,Priority,0
P-67,35,33,19,61,Priority,0
P-68,47,40,6,72,Priority,0
P-69,58,25,4,20,Priority,0
P-70,59,49,46,2,Priority,0
P-71,50,42,44,97,Priority,0
P-72,33,40,60,19,Priority,0
P-73,87,44,30,98,Priority,0
P-74,47,34,31,58,Priority,0
P-75,56,64,35,70,Priority,0
P-76,50,58,45,92,Priority,0
P-77,37,17,19,10,Priority,0
P-78,110,58,28,89,Priority,0
P-79,110,29,37,93,Priority,0
P-80,88,23,34,72,Priority,0
P-81,73,47,17,9,Priority,0
P-82,95,16,59,80,Priority,0
P-83,98,38,20,4,Priority,0
P-84,6,64,18,94,Priority,0
P-85,97,37,24,100,Priority,0
P-86,7,47,41,69,Priority,0
P-87,86,70,25,73,Priority,0
P-88,32,10,9,41,Priority,0
P-89,65,19,63,25,Economy,73
P-90,70,31,85,89,Economy,62
P-91,19,21,35,22,Economy,97
P-92,84,75,72,76,Economy,82
P-93,39,82,21,66,Economy,39
P-94,61,66,11,73,Economy,87
P-95,39,95,43,43,Economy,59
P-96,44,58,75,74,Economy,52
P-97,9,57,68,22,Economy,67
P-98,88,49,40,93,Economy,76
P-99,69,97,66,84,Economy,47
P-100,63,62,64,69,Economy,18
P-101,48,73,86,74,Economy,71
P-102,69,12,91,61,Economy,62
P-103,16,81,37,80,Economy,83
P-104,32,37,80,52,Economy,88
P-105,16,67,52,44,Economy,61
P-106,92,12,12,31,Economy,19
P-107,86,64,28,22,Economy,78
P-108,33,51,84,36,Economy,39
P-109,82,58,56,87,Economy,99
P-110,8,7,79,6,Economy,73
P-111,49,56,67,19,Economy,24
P-112,31,55,79,85,Economy,65
P-113,19,10,90,64,Economy,22
P-114,46,74,57,35,Economy,37
P-115,63,5,35,71,Economy,82
P-116,68,90,13,23,Economy,44
P-117,35,8,42,12,Economy,74
P-118,75,46,82,96,Economy,22
P-119,4,96,22,80,Economy,11
P-120,84,96,24,32,Economy,91
P-121,22,31,51,45,Economy,59
P-122,52,84,78,46,Economy,74
P-123,11,43,66,65,Economy,78
P-124,14,60,55,44,Economy,41
P-125,74,6,94,62,Economy,49
P-126,7,50,44,6,Economy,83
P-127,73,62,41,95,Economy,70
P-128,68,39,32,2,Economy,28
P-129,31,69,63,99,Economy,57
P-130,82,97,72,1,Economy,41
P-131,99,5,64,23,Economy,25
P-132,5,79,53,37,Economy,22
P-133,24,23,34,11,Economy,68
P-134,40,32,7,18,Economy,42
P-135,81,31,10,49,Economy,73
P-136,36,19,81,24,Economy,92
P-137,68,82,78,72,Economy,22
P-138,79,66,58,73,Economy,80
P-139,67,80,79,60,Economy,89
P-140,87,97,82,7,Economy,24
P-141,49,75,96,13,Economy,99
P-142,27,79,61,72,Economy,71
P-143,85,36,68,20,Economy,23
P-144,81,14,80,8,Economy,20
P-145,6,60,26,81,Economy,52
P-146,94,22,39,81,Economy,48
P-147,82,10,58,24,Economy,61
P-148,12,17,69,28,Economy,76
P-149,16,85,57,49,Economy,69
P-150,95,6,35,34,Economy,30
P-151,46,67,96,70,Economy,94
P-152,75,39,22,65,Economy,50
P-153,92,56,88,54,Economy,78
P-154,20,67,76,67,Economy,41
P-155,47,81,80,13,Economy,51
P-156,100,28,38,37,Economy,65
P-157,12,20,16,33,Economy,82
P-158,37,87,55,4,Economy,32
P-159,46,63,38,13,Economy,13
P-160,11,83,11,19,Economy,29
P-161,8,43,96,30,Economy,25
P-162,32,20,4,40,Economy,31
P-163,26,8,9,99,Economy,34
P-164,20,46,9,81,Economy,24
P-165,36,94,28,24,Economy,54
P-166,39,69,60,82,Economy,29
P-167,95,74,36,47,Economy,46
P-168,25,80,32,19,Economy,31
P-169,53,42,67,97,Economy,91
P-170,73,75,92,96,Economy,65
P-171,67,64,16,95,Economy,71
P-172,79,30,69,46,Economy,69
P-173,84,32,5,50,Economy,78
P-174,24,75,100,56,Economy,25
P-175,92,23,40,48,Economy,38
P-176,67,6,19,68,Economy,50
P-177,23,10,34,88,Economy,19
P-178,75,65,24,42,Economy,87
P-179,88,76,95,57,Economy,23
P-180,36,71,63,74,Economy,16
P-181,22,51,49,92,Economy,80
P-182,71,29,83,82,Economy,41
P-183,42,79,16,20,Economy,78
P-184,42,12,13,15,Economy,65
P-185,77,59,20,75,Economy,24
P-186,89,23,96,65,Economy,89
P-187,30,70,58,50,Economy,100
P-188,83,34,55,27,Economy,11
P-189,27,81,4,12,Economy,86
P-190,73,79,13,5,Economy,13
P-191,34,69,81,13,Economy,59
P-192,56,79,6,86,Economy,67
P-193,68,6,65,97,Economy,27
P-194,57,67,70,6,Economy,10
P-195,16,40,91,81,Economy,60
P-196,99,50,19,87,Economy,46
P-197,22,76,96,72,Economy,10
P-198,12,67,22,27,Economy,54
