ULD_ID,Length,Width,Height,Weight_Limit
U1,295,235,185,775
U2,225,185,125,575
U3,245,215,85,125
U4,305,195,175,175
U5,165,105,75,875
